0S,0C
1812 1
1861 1
1866 1
1897 1
1879 1
1879 1
1858 1
1888 1
1920 1
1878 1
1865 1
1862 1
1847 1
1880 1
1867 1
1850 1
1899 1
1773 1
1862 1
1493 1
1909 1
1783 1
1865 1
1862 1
1898 1
1848 1
1798 1
1799 1
1900 1
1908 1
1890 1
1953 1
1913 1
1947 1
1919 1
1927 1
1893 1
2057 1
2022 1
1920 1
1930 1
1914 1
1913 1
1974 1
1940 1
1910 1
1845 1
1876 1
1813 1
1917 1
1903 1
1912 1
1889 1
1987 1
1901 1
1905 1
1979 1
1996 1
1991 1
1993 1
1951 1
1959 1
1933 1
1988 1
1961 1
1991 1
1964 1
1985 1
1983 1
1950 1
1950 1
1978 1
1994 1
1977 1
1968 1
1962 1
1979 1
1989 1
1993 1
1959 1
1952 1
1934 1
1986 1
1994 1
2046 1
1917 1
1972 1
1946 1
1956 1
1956 1
2001 1
1959 1
1958 1
1989 1
1951 1
1919 1
1946 1
1923 1
1946 1
1983 1
1987 1
1961 1
1964 1
1937 1
